7 6 1 5 0 4 8 3 2
7 6 1 0 5 4 8 3 2
7 6 1 8 5 4 0 3 2
7 6 1 8 5 4 3 0 2
7 6 1 8 0 4 3 5 2
7 0 1 8 6 4 3 5 2
7 1 0 8 6 4 3 5 2
7 1 4 8 6 0 3 5 2
7 1 4 8 0 6 3 5 2
7 1 4 0 8 6 3 5 2
0 1 4 7 8 6 3 5 2
1 0 4 7 8 6 3 5 2
1 8 4 7 0 6 3 5 2
1 8 4 0 7 6 3 5 2
1 8 4 3 7 6 0 5 2
1 8 4 3 7 6 5 0 2
1 8 4 3 7 6 5 2 0
1 8 4 3 7 0 5 2 6
1 8 4 3 0 7 5 2 6
1 0 4 3 8 7 5 2 6
1 4 0 3 8 7 5 2 6
1 4 7 3 8 0 5 2 6
1 4 7 3 0 8 5 2 6
1 4 7 3 2 8 5 0 6
1 4 7 3 2 8 0 5 6
1 4 7 0 2 8 3 5 6
1 4 7 2 0 8 3 5 6
1 4 7 2 5 8 3 0 6
1 4 7 2 5 8 3 6 0
